46919
20204
826
3331
1101
30192
54120
19903
29139
5416
50513
59386
18973
20850
30569
8913
55939
11186
26634
58873
50708
5278
57553
12874
22997
41722
53958
12618
42328
26240
58268
31707
15433
40574
28212
32665
51617
58021
32021
39439
37002
13017
15145
30385
47870
4053
8575
64337
57287
7971
24393
64524
33445
57553
59116
38492
54840
22793
61162
24830
43614
31639
854
9715
63242
8019
25374
4970
46445
17420
61293
53779
58414
19161
31185
47455
26897
12057
33474
3824
38846
57852
13663
25603
9200
13196
35135
25701
10743
34606
20499
54431
21775
17997
42250
49852
25606
14132
49003
42187
